SPEAKER         id       #SENT      #WORD       Corr        Sub        Ins        Del        Err      S.Err
S0764           raw        370       5417       4703        701         25         13        739        272
S0764           sys        370       5417      86.82      12.94       0.46       0.24      13.64      73.51
S0765           raw        361       5318       4590        714         18         14        746        246
S0765           sys        361       5318      86.31      13.43       0.34       0.26      14.03      68.14
S0766           raw        340       4904       4065        808         10         31        849        251
S0766           sys        340       4904      82.89      16.48       0.20       0.63      17.31      73.82
S0767           raw        353       5146       4520        582         15         44        641        219
S0767           sys        353       5146      87.84      11.31       0.29       0.86      12.46      62.04
S0768           raw        367       5251       4143       1089         83         19       1191        313
S0768           sys        367       5251      78.90      20.74       1.58       0.36      22.68      85.29
S0769           raw        361       5216       4390        804         39         22        865        255
S0769           sys        361       5216      84.16      15.41       0.75       0.42      16.58      70.64
S0770           raw        353       5096       4460        623         23         13        659        228
S0770           sys        353       5096      87.52      12.23       0.45       0.26      12.93      64.59
S0901           raw        368       5278       4250        880         28        148       1056        295
S0901           sys        368       5278      80.52      16.67       0.53       2.80      20.01      80.16
S0902           raw        363       5259       4460        756         39         43        838        268
S0902           sys        363       5259      84.81      14.38       0.74       0.82      15.93      73.83
S0903           raw        373       5499       4648        805         56         46        907        278
S0903           sys        373       5499      84.52      14.64       1.02       0.84      16.49      74.53
S0904           raw        368       5474       3918       1291          7        265       1563        325
S0904           sys        368       5474      71.57      23.58       0.13       4.84      28.55      88.32
S0905           raw        360       5342       4652        676         29         14        719        236
S0905           sys        360       5342      87.08      12.65       0.54       0.26      13.46      65.56
S0906           raw        353       5125       4062       1014         92         49       1155        296
S0906           sys        353       5125      79.26      19.79       1.80       0.96      22.54      83.85
S0907           raw        350       5041       4402        626         23         13        662        221
S0907           sys        350       5041      87.32      12.42       0.46       0.26      13.13      63.14
S0908           raw        353       5083       4461        610         91         12        713        253
S0908           sys        353       5083      87.76      12.00       1.79       0.24      14.03      71.67
S0912           raw        335       4919       4298        610         32         11        653        229
S0912           sys        335       4919      87.38      12.40       0.65       0.22      13.28      68.36
S0913           raw        363       5413       4384        966         86         63       1115        294
S0913           sys        363       5413      80.99      17.85       1.59       1.16      20.60      80.99
S0914           raw        361       5344       3858       1401         81         85       1567        319
S0914           sys        361       5344      72.19      26.22       1.52       1.59      29.32      88.37
S0915           raw        363       5338       4476        822         37         40        899        278
S0915           sys        363       5338      83.85      15.40       0.69       0.75      16.84      76.58
S0916           raw        361       5302       4593        690         15         19        724        247
S0916           sys        361       5302      86.63      13.01       0.28       0.36      13.66      68.42
SUM             raw       7176     104765      87333      16468        829        964      18261       5323
SUM             sys       7176     104765      83.36      15.72       0.79       0.92      17.43      74.18
