SPEAKER         id       #SENT      #WORD       Corr        Sub        Ins        Del        Err      S.Err
S0764           raw        370       3253       2423        692         88        138        918        304
S0764           sys        370       3253      74.49      21.27       2.71       4.24      28.22      82.16
S0765           raw        361       3277       2408        716         58        153        927        279
S0765           sys        361       3277      73.48      21.85       1.77       4.67      28.29      77.29
S0766           raw        340       3097       2155        721         38        221        980        278
S0766           sys        340       3097      69.58      23.28       1.23       7.14      31.64      81.76
S0767           raw        353       3209       2405        621         45        183        849        259
S0767           sys        353       3209      74.95      19.35       1.40       5.70      26.46      73.37
S0768           raw        367       3241       2027       1030        157        184       1371        329
S0768           sys        367       3241      62.54      31.78       4.84       5.68      42.30      89.65
S0769           raw        361       3250       2265        815         83        170       1068        285
S0769           sys        361       3250      69.69      25.08       2.55       5.23      32.86      78.95
S0770           raw        353       3217       2348        694         62        175        931        271
S0770           sys        353       3217      72.99      21.57       1.93       5.44      28.94      76.77
S0901           raw        368       3195       2149        835         64        211       1110        315
S0901           sys        368       3195      67.26      26.13       2.00       6.60      34.74      85.60
S0902           raw        363       3223       2253        793         76        177       1046        297
S0902           sys        363       3223      69.90      24.60       2.36       5.49      32.45      81.82
S0903           raw        373       3342       2344        835         80        163       1078        301
S0903           sys        373       3342      70.14      24.99       2.39       4.88      32.26      80.70
S0904           raw        368       3333       1943       1107         58        283       1448        337
S0904           sys        368       3333      58.30      33.21       1.74       8.49      43.44      91.58
S0905           raw        360       3298       2391        740         63        167        970        266
S0905           sys        360       3298      72.50      22.44       1.91       5.06      29.41      73.89
S0906           raw        353       3142       2004        923         91        215       1229        312
S0906           sys        353       3142      63.78      29.38       2.90       6.84      39.12      88.39
S0907           raw        350       3048       2267        659         63        122        844        263
S0907           sys        350       3048      74.38      21.62       2.07       4.00      27.69      75.14
S0908           raw        353       3019       2251        690        136         78        904        288
S0908           sys        353       3019      74.56      22.86       4.50       2.58      29.94      81.59
S0912           raw        335       2987       2186        682         80        119        881        259
S0912           sys        335       2987      73.18      22.83       2.68       3.98      29.49      77.31
S0913           raw        363       3359       2277        903         93        179       1175        314
S0913           sys        363       3359      67.79      26.88       2.77       5.33      34.98      86.50
S0914           raw        361       3281       1881       1202         89        198       1489        333
S0914           sys        361       3281      57.33      36.64       2.71       6.03      45.38      92.24
S0915           raw        363       3326       2370        803         96        153       1052        298
S0915           sys        363       3326      71.26      24.14       2.89       4.60      31.63      82.09
S0916           raw        361       3331       2456        702         56        173        931        273
S0916           sys        361       3331      73.73      21.07       1.68       5.19      27.95      75.62
SUM             raw       7176      64428      44803      16163       1576       3462      21201       5861
SUM             sys       7176      64428      69.54      25.09       2.45       5.37      32.91      81.68
